Pokemon Matrix
0000000000 0000003572 0000001027 0000000000
0000000001 0000497032 0000000520 0000000000
0000000002 0000072657 0000000520 0000000000
0000000003 0000236248 0000000454 0000000000
0000000004 0000441802 0000001027 0000000000
0000000005 0000228135 0000000735 0000000068
0000000006 0000129010 0000000520 0000000035
0000000007 0000034136 0000000719 0000000012
0000000008 0000006252 0000000601 0000000000
0000000009 0000012788 0000000594 0000000000
0000000010 0000079787 0000000867 0000000000
0000000011 0000016067 0000000708 0000000000
0000000012 0000001853 0000000672 0000000000
0000000013 0000302788 0000000520 0000000058
0000000014 0000009473 0000000591 0000000000
0000000015 0000042125 0000000797 0000000000
0000000016 0000332198 0000001027 0000000022
0000000017 0000530753 0000000665 0000000029
0000000018 0000389567 0000000371 0000000073
0000000019 0000004936 0000000558 0000000000
0000000020 0000134161 0000000520 0000000025
0000000021 0000226970 0000000855 0000000023
0000000022 0000062699 0000000649 0000000023
0000000023 0000278307 0000000690 0000000015
0000000024 0000015212 0000000805 0000000000
0000000025 0000292607 0000000637 0000000035
0000000026 0000080673 0000000705 0000000021
0000000027 0000286967 0000001027 0000000039
0000000028 0001121121 0000000520 0000000077
0000000029 0000567933 0000001027 0000000000
0000000030 0000005457 0000000583 0000000000
0000000031 0000500280 0000001027 0000000044
0000000032 0000004401 0000000668 0000000000
0000000033 0000022272 0000000709 0000000000
0000000034 0000019270 0000000718 0000000001
0000000035 0000009973 0000000640 0000000000


