Pokemon Matrix
0000000000 0000261163 0000004806 0000000000
0000000001 0000163075 0000003199 0000000000
0000000002 0000174829 0000004806 0000000000
0000000003 0000138335 0000004072 0000000000
0000000004 0000176866 0000004568 0000000000
0000000005 0000139461 0000002779 0000000000
0000000006 0000094488 0000002281 0000000000
0000000007 0000108166 0000002193 0000000000
0000000008 0000100287 0000002138 0000000000
0000000009 0000151570 0000002490 0000000000
0000000010 0000125095 0000002614 0000000000
0000000011 0000124437 0000002636 0000000000
0000000012 0000143005 0000002519 0000000000
0000000013 0000110586 0000002295 0000000000
0000000014 0000164423 0000002956 0000000000
0000000015 0000126772 0000002755 0000000000
0000000016 0000103458 0000002016 0000000001
0000000017 0000014516 0000000963 0000000035
0000000018 0000163998 0000002421 0000000001
0000000019 0000181693 0000002608 0000000000
0000000020 0000145204 0000002324 0000000001
0000000021 0000149748 0000002540 0000000001
0000000022 0000146248 0000002398 0000000001
0000000023 0000119925 0000002289 0000000001
0000000024 0000164916 0000002712 0000000000
0000000025 0000136099 0000002601 0000000001
0000000026 0000181559 0000002975 0000000000
0000000027 0000169019 0000003108 0000000000
0000000028 0000166388 0000003070 0000000000
0000000029 0000174169 0000002958 0000000000
0000000030 0000114353 0000002075 0000000001
0000000031 0000128771 0000002418 0000000001
0000000032 0000153898 0000002491 0000000000
0000000033 0000114447 0000002437 0000000001
0000000034 0000085500 0000001688 0000000009
0000000035 0000137663 0000001955 0000000001
0000000036 0000175803 0000002316 0000000000
0000000037 0000116709 0000001819 0000000004
0000000038 0000114068 0000002358 0000000001
0000000039 0000129881 0000002532 0000000001
0000000040 0000127618 0000002274 0000000001
0000000041 0000033187 0000001726 0000000021
0000000042 0000123937 0000001879 0000000007
0000000043 0000102888 0000001911 0000000007
0000000044 0000119798 0000002161 0000000001
0000000045 0000151876 0000002548 0000000000
0000000046 0000118579 0000002126 0000000003
0000000047 0000151491 0000002376 0000000001
0000000048 0000143706 0000002755 0000000000
0000000049 0000113455 0000002502 0000000002
0000000050 0000042097 0000001643 0000000016
0000000051 0000104355 0000002314 0000000007
0000000052 0000095345 0000001878 0000000008
0000000053 0000100947 0000002173 0000000009
0000000054 0000132189 0000002463 0000000002
0000000055 0000098785 0000001506 0000000014
0000000056 0000090180 0000002189 0000000011
0000000057 0000153060 0000002866 0000000000
0000000058 0000190064 0000002842 0000000000
0000000059 0000202853 0000002758 0000000000
0000000060 0000205934 0000003147 0000000000
0000000061 0000135045 0000002731 0000000000
0000000062 0000129548 0000002513 0000000002
0000000063 0000139326 0000002854 0000000001
0000000064 0000160294 0000003157 0000000000
0000000065 0000170513 0000003004 0000000000
0000000066 0000130548 0000002712 0000000001
0000000067 0000145831 0000002843 0000000000
0000000068 0000146875 0000002436 0000000002
0000000069 0000110285 0000001903 0000000005
0000000070 0000130108 0000002668 0000000002
0000000071 0000131346 0000002658 0000000002
0000000072 0000110810 0000002448 0000000006
0000000073 0000122170 0000002701 0000000002
0000000074 0000115649 0000002398 0000000006


