Pokemon Matrix
0000000000 0000494353 0000000637 0000000000
0000000001 0000006122 0000000604 0000000000
0000000002 0000914863 0000000698 0000000000
0000000003 0000012152 0000000721 0000000001
0000000004 0000000692 0000000654 0000000000
0000000005 0000001008 0000000637 0000000000
0000000006 0000002369 0000000683 0000000000
0000000007 0000337101 0000000483 0000000042
0000000008 0000004310 0000000651 0000000000
0000000009 0000483475 0000000637 0000000080
0000000010 0000000297 0000000791 0000000000
0000000011 0000152433 0000000483 0000000017
0000000012 0000233729 0000000637 0000000032
0000000013 0000262098 0000000604 0000000038
0000000014 0000290361 0000000671 0000000010
0000000015 0000100218 0000000655 0000000008
0000000016 0000006274 0000000630 0000000000
0000000017 0000407901 0000000483 0000000080
0000000018 0000069103 0000000627 0000000013
0000000019 0000475501 0000000483 0000000078
0000000020 0000000491 0000000686 0000000000
0000000021 0000125664 0000000665 0000000010
0000000022 0000094498 0000000662 0000000012
0000000023 0000219749 0000000629 0000000032
0000000024 0000235211 0000000637 0000000016
0000000025 0000282691 0000000671 0000000042
0000000026 0000451475 0000000683 0000000017
0000000027 0000053637 0000000688 0000000000
0000000028 0000038009 0000000630 0000000005
0000000029 0000281900 0000000683 0000000027
0000000030 0000216929 0000000637 0000000034
0000000031 0000026895 0000000638 0000000001
0000000032 0000067044 0000000703 0000000002
0000000033 0000049516 0000000590 0000000003
0000000034 0000001431 0000000587 0000000000
0000000035 0000001582 0000000592 0000000000


