Pokemon Matrix
0000000000 0000407713 0000000618 0000000000
0000000001 0000000768 0000000482 0000000000
0000000002 0001222354 0000000787 0000000007
0000000003 0000015748 0000000626 0000000017
0000000004 0000016211 0000000787 0000000001
0000000005 0000002092 0000000642 0000000000
0000000006 0000024257 0000000618 0000000000
0000000007 0000056095 0000000640 0000000000
0000000008 0000289124 0000000637 0000000044
0000000009 0000059640 0000000699 0000000005
0000000010 0000118760 0000000637 0000000020
0000000011 0000432586 0000000637 0000000044
0000000012 0000019751 0000000709 0000000001
0000000013 0000255728 0000000618 0000000032
0000000014 0000344608 0000000684 0000000036
0000000015 0000293254 0000000582 0000000005
0000000016 0000266716 0000000530 0000000018
0000000017 0000096590 0000000761 0000000019
0000000018 0000124648 0000000796 0000000013
0000000019 0000018513 0000000597 0000000000
0000000020 0000000717 0000000687 0000000000
0000000021 0000561706 0000000618 0000000061
0000000022 0000010061 0000000830 0000000000
0000000023 0000142860 0000000742 0000000005
0000000024 0000246710 0000000771 0000000043
0000000025 0000001570 0000000599 0000000000
0000000026 0000141918 0000000594 0000000043
0000000027 0000553437 0000000618 0000000059
0000000028 0000302064 0000000559 0000000028
0000000029 0000453872 0000000542 0000000004
0000000030 0000045609 0000000640 0000000000
0000000031 0000009426 0000000616 0000000000
0000000032 0000054026 0000000618 0000000000
0000000033 0000322853 0000000452 0000000028
0000000034 0000254804 0000000492 0000000067
0000000035 0000026901 0000000631 0000000000
0000000036 0000066196 0000000507 0000000000
0000000037 0000016143 0000000643 0000000000
0000000038 0000006131 0000000516 0000000000
0000000039 0000005895 0000000531 0000000000
0000000040 0000001524 0000000596 0000000000


