Pokemon Matrix
0000000000 0000020071 0000000578 0000000000
0000000001 0000475428 0000000578 0000000000
0000000002 0000021664 0000000635 0000000000
0000000003 0001028316 0000000537 0000000000
0000000004 0000070453 0000000825 0000000024
0000000005 0000004230 0000000724 0000000000
0000000006 0000004049 0000000535 0000000000
0000000007 0000169961 0000000673 0000000008
0000000008 0000444774 0000000578 0000000054
0000000009 0000003176 0000000684 0000000000
0000000010 0000194480 0000000673 0000000019
0000000011 0000403182 0000000673 0000000032
0000000012 0000008649 0000000662 0000000000
0000000013 0000150458 0000000578 0000000023
0000000014 0000394042 0000000621 0000000048
0000000015 0000455438 0000000674 0000000018
0000000016 0000015561 0000000790 0000000001
0000000017 0000092481 0000000501 0000000021
0000000018 0000206631 0000000716 0000000026
0000000019 0000027785 0000000644 0000000006
0000000020 0000384961 0000000616 0000000042
0000000021 0000290168 0000000535 0000000016
0000000022 0000384898 0000000578 0000000057
0000000023 0000203327 0000000631 0000000038
0000000024 0000356426 0000000535 0000000038
0000000025 0000443943 0000000674 0000000047
0000000026 0000442770 0000000578 0000000004
0000000027 0000054683 0000000671 0000000001
0000000028 0000036869 0000000691 0000000002
0000000029 0000356115 0000000627 0000000033
0000000030 0000152642 0000000481 0000000041
0000000031 0000013892 0000000676 0000000000
0000000032 0000055593 0000000678 0000000001
0000000033 0000014196 0000000685 0000000000
0000000034 0000004204 0000000651 0000000000


