Pokemon Matrix
0000000000 0000734828 0000000572 0000000000
0000000001 0000134623 0000000770 0000000000
0000000002 0000745577 0000000886 0000000004
0000000003 0000064702 0000000789 0000000041
0000000004 0000053737 0000000572 0000000000
0000000005 0000337910 0000000599 0000000026
0000000006 0000285498 0000000669 0000000034
0000000007 0000119754 0000000781 0000000029
0000000008 0000340461 0000000599 0000000079
0000000009 0000135958 0000000726 0000000018
0000000010 0000002269 0000000603 0000000000
0000000011 0000060469 0000000599 0000000009
0000000012 0000113486 0000000572 0000000010
0000000013 0000500343 0000000579 0000000030
0000000014 0000155755 0000000685 0000000017
0000000015 0000100066 0000000695 0000000013
0000000016 0000013836 0000000810 0000000000
0000000017 0000422149 0000000572 0000000057
0000000018 0000486163 0000000572 0000000039
0000000019 0000521729 0000000644 0000000053
0000000020 0000601145 0000000641 0000000006
0000000021 0000020456 0000000659 0000000000
0000000022 0000145973 0000000572 0000000022
0000000023 0000330284 0000000553 0000000008
0000000024 0000336222 0000000546 0000000070
0000000025 0000069346 0000000640 0000000000
0000000026 0000254314 0000000499 0000000021
0000000027 0000001577 0000000575 0000000000
0000000028 0000018053 0000000681 0000000002
0000000029 0000038386 0000000645 0000000011
0000000030 0000001216 0000000576 0000000000
0000000031 0000002102 0000000536 0000000001
0000000032 0000001097 0000000587 0000000000


